7044

7044
1001010000000001011000010111111010100101111010111100010100000100010110010110001101100011000010000010
0000000000000001100000000000100000000000000000000000000000000000000000100001010000010000000000000000
0000000000000000010000000001000000000000000000000000000000000000000000000000110000000000000000000000
1000000000010000011100001010000000000000000000000000000000000000100000000000000000001000000000000001
1000000000000000001100000110000000000000000000000000000000000000000000000000100000000000000000000000
0000000000000000001000000100000000000000000000000000000000000000000000000000000000000000000000000000
0000000000000000000000001000000010000000000000000000000000000000000000000000000000000000000000000001
0000000011100000000000001000000000000000000000000000000000000000000000000000000000000000000000000010
1000000001100000000000000000000010100000000000000000000000000000000000000000000000000000000000000001
1000000000000000000000000000000000000000000000001011000000000000000011000000000000000000000000000010
0000000000000000000000000000000000000000000000000000000000000000000000000000000000000000000000000000
0000000000000000000001000000000000000000000000000100000000000000000000000000000000000010000000000001
0000000010000000010000000000000010000000000010100000000000000000000000000000000000000000000000000000
1000000000000000000110100011000000100000000000001000000000000000000000000000000000000000000000000000
0000000000000000011110000000000000001010000011101000000000000000000000000000000000000000000000000000
1000000000000000111000000101000000000000000100000000000000000000000000000000000000000000000000000000
1000100000010000000000000000000000000000000001100000000000000000000000000000000000000000000000000000
1000000000000000010000000000000000000000000000000000000100000011100000000000000000000000000000000001
0000000000000000000000000000000000000000000000100000000000000000000000000000000000000000000000000000
1000000000000000000001000000000001000000001000000000000000000000000000000000000000000000000000000001
0000000000000100000000000000000111000000000000000000000000000000000000000000000000100000000000000001
1000000000000000000000000000000000000000000000000010000000000000000000001000000000100000000000000010
1000000000000000000000000000000100000000000000000000000100000000000000000000000000000000000000000001
1000000000000000000000000000000100000000000100000000000000000000000000101000000001000000000000000001
1000000000000000000000000000011010000000000100000000000010000000000000000000000000000000000000000000
0101000001000000000000000000000000000000001100000000000000000000000000010000000000000000000000000000
1000000000010000000000100010001110000000000000000000100000100000000000000000000000000000000000000000
0110000000000000000011000000000000000000000000000001000000000000000000000000001000000010000000000000
0000000000000000000001000000000000000000000000100000010000100000000000000100100000100000000000000001
1000001010000000110000000000000000000000000000000000000000000000000100000000001000000000000000000001
0000000010000000110000000000000000000000000000000000110011000001111100000000000000010000000000000001
0000000000000000011000000000000000001100000000000000000000000000001100000000000000001100000000000010
0000000000000000000000000000000000010000000000000000000000000000001000000000111101010000000000000001
1000000000000000000000000000000000000100000000000100000000000000000000010000000000000100000000000001
0000000000000000000000000000000000000000000000000100000000000001000000000000000000000000000000000001
1000000000000000000000000000000000000010000000111110000000000000000000000000000000000000000000000001
0000000000000000000000000010100000000000000000001011000000000000011000000000000000000000000000000000
0000000000000001000000000110000000000000000000000010000000001000000101000000000000000000000000000000
0000000000000001000000000000000000100000000000000000000000000000000001000000000000000000000000000000
1000000000000000000111000000000000100000100000000000000000000000000000000000010000000000000000000000
0000000000000000000110010101010000100001000000000000000001000000000000000000010101001000000100000000
1000000000000000000101110101000000110001100000000001000000000000000000000000000001000000010000000001
0000000000000000000001111000001100000011100000000000000000000000000000000000000001000000000000000001
1000000000010000000000000000001100000001000000000000000000000000000000000000000100000000111000000000
0000010000100000000000000000000100000000000000000000000000000000000000000000000000000000001000000001
1000000000100000000000000000000101000000000000000000000000000000000000000000000010000000000000000000
1000100000000000000010000000000000000000000000000000000000000000000000000000000000000000000000000000
1010100000000000000000000000000000000000000011000000000000101000000000000000000000000000000000000000
1000010000000000100000000000000000000000100000000000000000100000000000000000000000000000000000000001
0000000000000000000000000000000000000000000010000000000000000000000000000000010000000000000000000000
0000000000000000000000000000000000000001011000000000000000000000000000000000010000000000001000000000
0000000000000000000000010000000000000000001000000010000000000000000000000001000000000000000000000000
0000000000100100000000000000000000000000000000000000000000000000000000000000000100000000000000000000
1000000000101000001000100000000000000000000000000000000000000000000000000001000000000000000000000001
0000000000100000000000000000000000000000000000000000000011000110000000000001010000000000000000000000
0000000000100000000000010000000110000000000000000000000000000000000000000000010000000000011100000000
0000000000000000000000000000000000000000000000000000000001001011000000000011010100000000000000011100
0000001000010001000000000000000000000000000000000000000000000000000000000010010000000000000000001001
0000000000000000000000000000000000000000000000001000000000000000000000000010101000000000000000000000
0000000000000000000000000000000000000000000000001000000000000000000100000000000000000000000000000001
0000000000000000000001000000000000000000000000000000000000000000000000000010000000000000000000000000
0000000000000000000000000000000000000000100000000000000000000000000000000000000010000100000000000000
0000000000000000000011000000000000000001100000000000000000000000000000000101000000000000000000000000
0000000000000010000000000000000000000001000000000000000000000000000000000010000000000100000000000000
0000000000000000000001100000000000010000000000000000000000000001000100000000000000000000000000000000
0000100000000000010000000000000000000000000000000011000000001100010001000000000000000000000001000000
0000000000000000000000000000000000000000000000001000000000010000000001000000000000100000000101000000
1000000000000000000000000000100000000000000000000000000000011000000001000000000000000000000000000000
0000000000000000000000000000000000000000010000000000000000000000000000000000000000011000000000000000
0000000000000000001000000000000000000000000000000000000000000000000001000000000000000000000000000000
0000000000010000000000000100000000000000000000000000000000011000000000000000000000000000000000000001
0000100000000000000000000000000000000000000100000000000000000000000000000000000000000000000000000001
0000000000110000000000000000000000000000000000000000010000000000000000000000000000110000000000000001
0000000000000000000001000000000000000000000000000000000000000000000000000000000000010000000000000001
0000000000000000000000000100000000000000000010000000000001000000000000000000000000110000000000000000
0000000000000000000000000010000000000000000000000000000000000000000000000000000000000000000000000000
0000000000000000000000000000000000000000000000000000000000000010000000000000000000000000000000000000
0000000000000000000000010000000000000000000000000000000000000000000000000000000100000000000000000010
0000000000000000000000000000000000000000000000000000000010000100000000000000000100000000000000000011
0000000000000000000000010000001000000000000000000000000010000000000000000000000000000000000000000010
0000000000000000000000000000001000000000000000010000000000000000000000000000000000000000000000000000
1000000000000000000000000000000000000000000000000000000000010000000000000000000000000000000000000000
0000000000000000000000000000000000000000000000000000000000100000000000000000000000000000000000000000
1000000000000000000000000000000000000000000000000000000000011100010000000000000000000000000000000000
1000000000000000000000000000000000011100000001000000000001000000000000110000000000000000000000000001
0010000000000000000000000000010000000000000000000000000000000000000000010000000000000000010000000001
1000000000000000000000000000010000000000000000000000000001000000000000000000000000000101011000000100
1111000000000000000000000001000000000000000000000000001101000000000000000000000100001100000000000001
1000000000000000000000000000000000000000000000000000100111000000000000000000000000000111000000000001
0000000000000011100000000000000000000000010000000000001000000000000000000000000000001000000000000000
1000000000000000000000000000000000001000100000000000100000000000000000000000000000000000000000000000
1000001000100001100000000000000010000000000000010000000000000000000000000000000000000000000000000000
1000000100000000000000000000000000000000000000000000000000000000000000000000000000000000000000000000
1000000000010000000000000000000000000000000000000000000000000000000000000000000001000000000000101001
1000000000000000000000000000000000000000000000000000000000000000000000000000000000000000000000000001
0000000000000000000000000000000000000001000000000000000000000000001000000000000000000000000000000000
1000000000000000000000000000000000000000000000000000000000100000000000010000000000000000000000000000
0000000000000000000100000000000000000001000000000000000000000000001000000000000000000000000000000000
1000000000000000000000000000011100000000011100000100000000000000000000010000000000000000000000000000
1000100110100101000000001100100000000001010111111110000101100000001010110101010000110000001100110111
