5031


5031
1100111000000001001000011000001100000111111000000010100111011000110110001100111000011000001000111110
1000000000010110000101000000010000000000000000000010000001011000000000010000001111110101010000010000
1000011000111000010001110000100000000000010000000000000100011000111000000000000111000101000000101111
1000011000111000010001100000001001010000000000110000011111000000100000010000010100000000000000011101
0101111000000000000000110000000000000000000000000100011000010001000011000000110110000010000100000110
1000101000000000000001100000000000000000001000000100011100110000001100000000101000000000100000001110
1110000000000000100000101100000000100000000000000110000100000001110110100001011001000000001101000010
0000100000000101100011110001000000011011000000010000000101000011011100001000100000010000000010010001
1001010000000000011000000100010000000101000000110011000000001010010100000010100110101000000000100000
1000011100011100010011000100010000100001000000010010000000000000100000011000000000101100000000100000
1000100000000000000000000000100001110011010001111000100000000010100000000000000100010100000000000000
1010001000000000000110000001000000111000001101011000000000000101000000110000000011000000000000000001
0000100000000101000000000000000001010010000001001100000000000000000001100000001011000000000000000011
1111000000000000010000000101000000010001111110010101000000000000000010000010000001010011011000001011
1100100000001011000000111100001111100000100011110111000000000000000000000010100010011011111000100011
1100100000111000111011110110000110000001001100100100010000000000010100000000100001011001101111000101
1011010001111000000001010010000010000000000010000100000000000110000000001010000001010100110100000100
1011001111000000111111000010000010101101000000011100000000000011000111101000000001001001001001110000
0001100000000000000000000100000100100111000000000010000000001101000111000000000000010000001000000000
1100000000000000010100000000000000100100000000010011000000000001011000001000000000000000001010000000
0001000000001000000000010100000111101000000011011001010000001111110010000000001000000001111100000001
1100000000111000100000010000001101011000000010000011100101010000011011010000111000000100001011000000
1000000000011100100000011000100000110000011000000010101101101100000001101101000000100100000000000000
1110000000011101000000011000000000100000110000000001101110001110001111000011001101000000000000000010
1100000000000100000000010000000001010000000001000100110100000000000001001010110010010011000000000010
1110000000100110001000000000000000100000010001000000110001000110110011001010000001000100001110000110
1100010010000010000000000000000101000000000001010101111000000000000010000000000001101100001100000001
0100000010101010111100000000000001100000000000111100000001000000010000000000010001000000001100000000
0110001010011000000000000000000100011000000000100001111100001000010001010010001001001110110000100000
0110001010011001000111001000001000011110000110110000011000000001111100000100001100000011100000000001
0111000001101100000000010000000000000000011001101110001000000001110000000000010000111110010000011000
1111000001100101000010000100011000010010011000000011000001100000010100000000000001101010100000010011
1100100000100001101000000000010000010001011111101101000011010000000001100000000000110010010000010001
1001000001100000101011101100001100100010010001110100000110010111000100000001000111010000100100000100
1110011000000000001010100000110000011010000000100001010101011001001100000000110000010110000000000110
0000100001110000000011000010111000110011100111110001110001000000011011000111011111011100000000000010
1001000000101000001010000000100000010011000101000000011000011100001110000001111111111001010000000110
1000000001001100000011100000101000011010101001000001110000111000000010001000111000111110100000100000
1001100011100000000001000001001010000000100001000000010000100001011010100000010001101110110000000001
1000000000100101000101111100001010100000000000000000011000000111011000000100000000100000010000010110
1010000001000100000010000000000010100000010100100000000000000100000111000000000000101011001000010000
0000000000010100000111100000000010101000000111101001000100001110000110000110110000000110001111100010
1000010100000000001011010000000110100000000100101011000000000011000000101001010000000100100000110000
0000001100000000011010010010100010000001000010010010110111001101000010101110110000000110000000110000
1000000011000001010110000010000000100000000011110100001110000010000000100001011000000101111011010001
0000010001000001010000001110000000000011011000010000010100001000110101000110000000001101011000000001
1000000001000010000010101000000001001010000010100000000010000111000110110001000000011100110100000000
1100101000000111000000101110000101000001000010000001101010000101000001001100000000010101010000001101
0011001011011110000000100001110001000010000110000101000010101100011010000010000000000101000100000001
0000011010110000100000000111010000000010111000000100000000100011010010000011110100000001000000000101
1000100000001010100000000000000011000000011010000100101010001000001001000011110101000010010000000000
1000000001000010100000000100100101011111010110000000101010100011010001001000010011001011111010000001
0100000000000100000000100100111000010101011000000110010111000000010101000001110101001011000010100111
0000010000010100001000010100000010100000000000000000111001001100000100010010000000101001000011000101
1100001000000110001011010001010110001110100000001100010010000110000000010000110110000110000000000001
1000011000000000000000101100001111000000000000001110101000000010000000000100000110001000000000000101
0000001111000000000000000110001111001010000000000000000001000010100000111100110000101110000000000001
1000011000011000000001001000000101100000000000000000000000000010000000000011101100101000000000000000
1001001110101000000010010101011001100010001110000000000000000000000000010001000000001000000000000001
0000011010110010000111000001010100100000001110000000010100011100000000000001100000100000000001000010
1000001011111100000011000001001101100000000001000100001100000000001101000000100010111000001001000000
1000011001010010001000000000011000100000010000011100001011000000100011110001100110100000100100000010
1001101010000000000000000000100000001000001011000100000000110000001101101001100010000000000101100000
0000110010000011000110000110010000110000000000001000000001101100111100000010001010000001000110000011
0000100011111001000100011000000000010000000100000001010000010100000100000000001100000110000001000000
1100100010011110000110111100100001010000000010111011010110110010111000000000001010011000100100001100
1100000010101110000010100101101000000000000011100011111000000010100010000000011111001100100111100010
0001110110000111000000000111000000000000100010011100111000001000101000000000001101000001100000001011
1000100110000000000000010110110001000000000001100111010000000000100001101000001011000000110000000000
1000101000000001000000000010000001000000000011000001000000000010000001100000000010100000100100000000
0000010000001001000000111010110000010000101010100100000000000000000001001100100000001011000010000000
0000000000011110000010000110010100000000100001100010000000000100001011010000101000010100000100100000
1000000000011001100010101111011000010000000000100000100010110000000000011100010100010000011101000001
1000001111001001100011000011010010000100011000000000100010111000000000000000101000000110010000001010
0100000110001000010001011100000000010100010000000000000000001011000000001111001100000111100100000110
1001011000000110000000000010000001001001100000000000000000000010000000000000000000001000111100000100
1100100010000100110000000010011001111000100000000000000000000001000001000000000000001000100000000001
1011111111100010100000000010110011000000000001011000000000101000000110000001000000110011011001000011
1011010010100100110000000010101001100000000001101100000000001000000000110000100101100100011100000000
0100011100010101000000001110100001100000101000100000110000000000110010010000000010000000000100000001
0110011100000100010000000000001100100000010010000011101000010001100010011100001010011000000000000001
0100000100000000001100000100001010001101000100101110011001000101011000000110000011111010001010000000
0101000100000111100001000000001010000111000110000101101101010111001100000000000110000010000000000001
1000011010000001111011000011011000011001000000010101100101001110000000000111000001100011000000000001
1011111110110010110000000000000100010100000000000010011000000010000000000000000100000000000000010011
1000000010100111010100000010000000010100010000111011011000001010000001000010000000100000000011011011
1000011110100000000000000000000001000000000010010010110010000011000000000010101000011000001001001011
0000000101101100000000000000100110000000010001101100101010100100000011000010100000101100001111110001
0001000011101010010010000000011001000000000100000000000010101111100110000100000000000000000000100001
0000000010100000010010000011000111000000010000000000000100101110000001100000100011100000000000001011
1011011010011010000110000101010101100001000010000110111000001010011101100010100000100000000000110110
0000001100000110111001100000000000000000000001111010011000011100000010000000101011010000000010001000
1001101111000101100000001010001000000000000111000011001100000000001110000000000000000000000000000000
0000000101000000011011100010010000000000011000000001010000110000000000000000010000101010100000011000
0000000000000000000000000000011000010000001000000010110000000000001110000000000000001000001000011000
0000000101000000000000000100011001000010101000010110000000101101000000000001101100000100000000010000
0000000001100000000101010001010101000101100011000010000000100101111101010100000100000000000010111101
0000000100100000000101010011010100010001000110000100000001100001010000000100110000000010000000000001
0000000000000010000111000001010001110000110000000000000000011100000000011010100000100010000000000000
1111000010111100011101011111011110100000000001011100111011111111110111000000101110011101101001111001

